
50家 普通年度会员 使用情况
+---------+---------+
| 企业id   | 已设数额 |
+---------+---------+
| 2718641 |    4    |
| 2790911 |    1    |
| 2501401 |    2    |
| 2576399 |    3    |
| 2718729 |    5    |
| 2858400 |    1    |
| 2773324 |    1    |
|  787583 |    1    |
| 2825710 |    5    |
| 2659211 |    3    |
| 2757247 |    3    |
|  970024 |    4    |
| 2478722 |    1    |
| 2096317 |    1    |
| 2864372 |    5    |
| 2106255 |    5    |
| 2862271 |    4    |
| 1804235 |    2    |
| 2842397 |    3    |
| 1533741 |    5    |
| 2863265 |    2    |
| 2799887 |    1    |
| 2029428 |    4    |
| 2704871 |    4    |
| 2869086 |    4    |
| 2447332 |    5    |
| 2833207 |    4    |
| 2743028 |    1    |
|  300535 |    1    |
| 2401778 |    4    |
| 2751733 |    2    |
| 2738703 |    3    |
|  268908 |    3    |
| 2795594 |    3    |
| 2099688 |    3    |
| 2847365 |    1    |
| 2674844 |    1    |
| 2518611 |    3    |
| 2830871 |    2    |
| 2696921 |    5    |
| 2861537 |    2    |
| 2380887 |    5    |
| 2774923 |    5    |
| 2567113 |    5    |
| 2837303 |    4    |
| 2712224 |    5    |
| 2862580 |    3    |
| 2772003 |    3    |
| 2580841 |    2    |
| 2668937 |    3    |
+---------+---------+

18家 高级年度会员 使用情况
+---------+---------+
| 企业id   | 已设数额 |
+---------+---------+
|  772745 |    9    |
| 2836160 |    6    |
|  784456 |    4    |
| 1801972 |    3    |
|  948810 |    3    |
| 1550334 |    6    |
|  786405 |    8    |
| 2877657 |    3    |
| 2746182 |    6    |
| 1543391 |    2    |
| 2817665 |    5    |
| 2814665 |    1    |
| 2684602 |    1    |
| 2431950 |    2    |
| 2878745 |    2    |
|  748923 |    9    |
| 2392501 |    9    |
| 2235822 |    9    |
+---------+---------+


3家 高级年度会员 使用情况
+---------+---------+
| 企业id   | 已设数额 |
+---------+---------+
| 2603417 |    3    |
| 2729605 |    4    |
|  297589 |    1    |
+---------+---------+